0.000000000000000000e+00 2.400000000000000000e+01 2.400000000000000000e+01 0.000000000000000000e+00 1.022204357593518020e+00 -9.602234823614708191e-05 nan 0.000000000000000000e+00 0.000000000000000000e+00
1.000000000000000000e+00 2.400000000000000000e+01 2.400000000000000000e+01 0.000000000000000000e+00 1.022203799687574133e+00 -6.970534883294022097e-06 nan 0.000000000000000000e+00 0.000000000000000000e+00
2.000000000000000000e+00 2.400000000000000000e+01 2.400000000000000000e+01 0.000000000000000000e+00 1.022203044873933209e+00 -8.860136379007599945e-05 nan 0.000000000000000000e+00 0.000000000000000000e+00
3.000000000000000000e+00 2.400000000000000000e+01 2.400000000000000000e+01 0.000000000000000000e+00 1.022203273695810433e+00 -1.405482549125736038e-04 nan 0.000000000000000000e+00 0.000000000000000000e+00
4.000000000000000000e+00 2.400000000000000000e+01 2.400000000000000000e+01 0.000000000000000000e+00 1.022203273695810433e+00 -2.923348822150728557e-05 nan 0.000000000000000000e+00 0.000000000000000000e+00
5.000000000000000000e+00 2.400000000000000000e+01 2.400000000000000000e+01 0.000000000000000000e+00 1.022203677212544237e+00 -8.118037934400490344e-05 nan 0.000000000000000000e+00 0.000000000000000000e+00
6.000000000000000000e+00 2.400000000000000000e+01 2.400000000000000000e+01 0.000000000000000000e+00 1.022202514755602643e+00 -9.602234823614708191e-05 nan 0.000000000000000000e+00 0.000000000000000000e+00
7.000000000000000000e+00 2.400000000000000000e+01 2.400000000000000000e+01 0.000000000000000000e+00 1.022202497035166635e+00 -1.628112082507868783e-04 nan 0.000000000000000000e+00 0.000000000000000000e+00
8.000000000000000000e+00 2.400000000000000000e+01 2.400000000000000000e+01 0.000000000000000000e+00 1.022203396683851961e+00 -2.923348822150728557e-05 nan 0.000000000000000000e+00 0.000000000000000000e+00
9.000000000000000000e+00 2.400000000000000000e+01 2.400000000000000000e+01 0.000000000000000000e+00 1.022202886141800882e+00 -2.923348822150728557e-05 nan 0.000000000000000000e+00 0.000000000000000000e+00
1.000000000000000000e+01 2.400000000000000000e+01 2.400000000000000000e+01 0.000000000000000000e+00 1.022202956721468992e+00 -1.702321926968579607e-04 nan 0.000000000000000000e+00 0.000000000000000000e+00
1.100000000000000000e+01 2.400000000000000000e+01 2.400000000000000000e+01 0.000000000000000000e+00 1.022203834651831622e+00 -2.923348822150728557e-05 nan 0.000000000000000000e+00 0.000000000000000000e+00
1.200000000000000000e+01 2.400000000000000000e+01 2.400000000000000000e+01 0.000000000000000000e+00 1.022202991992067211e+00 -1.702321926968579607e-04 nan 0.000000000000000000e+00 0.000000000000000000e+00
1.300000000000000000e+01 2.400000000000000000e+01 2.400000000000000000e+01 0.000000000000000000e+00 1.022203203346649936e+00 -2.923348822150728557e-05 nan 0.000000000000000000e+00 0.000000000000000000e+00
1.400000000000000000e+01 2.400000000000000000e+01 2.400000000000000000e+01 0.000000000000000000e+00 1.022203326424130143e+00 -1.553902238047157958e-04 nan 0.000000000000000000e+00 0.000000000000000000e+00
1.500000000000000000e+01 2.400000000000000000e+01 2.400000000000000000e+01 0.000000000000000000e+00 1.022203185751367815e+00 -1.439151932936511049e-05 nan 0.000000000000000000e+00 0.000000000000000000e+00
1.600000000000000000e+01 2.400000000000000000e+01 2.400000000000000000e+01 0.000000000000000000e+00 1.022203782200679090e+00 -1.702321926968579607e-04 nan 0.000000000000000000e+00 0.000000000000000000e+00
1.700000000000000000e+01 2.400000000000000000e+01 2.400000000000000000e+01 0.000000000000000000e+00 1.022203449345135517e+00 -1.628112082507868783e-04 nan 0.000000000000000000e+00 0.000000000000000000e+00
1.800000000000000000e+01 2.400000000000000000e+01 2.400000000000000000e+01 0.000000000000000000e+00 1.022203150551208806e+00 -1.182853015743603428e-04 nan 0.000000000000000000e+00 0.000000000000000000e+00
1.900000000000000000e+01 2.400000000000000000e+01 2.400000000000000000e+01 0.000000000000000000e+00 1.022203519515532788e+00 -2.296000682654266746e-04 nan 0.000000000000000000e+00 0.000000000000000000e+00
2.000000000000000000e+01 2.400000000000000000e+01 2.400000000000000000e+01 0.000000000000000000e+00 1.022202991992067211e+00 -1.405482549125736038e-04 nan 0.000000000000000000e+00 0.000000000000000000e+00
2.100000000000000000e+01 2.400000000000000000e+01 2.400000000000000000e+01 0.000000000000000000e+00 1.022202567897591896e+00 -4.407545711364946404e-05 nan 0.000000000000000000e+00 0.000000000000000000e+00
2.200000000000000000e+01 2.400000000000000000e+01 2.400000000000000000e+01 0.000000000000000000e+00 1.022203343993849156e+00 -9.602234823614708191e-05 nan 0.000000000000000000e+00 0.000000000000000000e+00
2.300000000000000000e+01 2.400000000000000000e+01 2.400000000000000000e+01 0.000000000000000000e+00 1.022202621010615431e+00 -1.776531771429290432e-04 nan 0.000000000000000000e+00 0.000000000000000000e+00
2.400000000000000000e+01 2.400000000000000000e+01 2.400000000000000000e+01 0.000000000000000000e+00 1.022203185751367815e+00 -8.860136379007599945e-05 nan 0.000000000000000000e+00 0.000000000000000000e+00
2.500000000000000000e+01 2.400000000000000000e+01 2.400000000000000000e+01 0.000000000000000000e+00 1.022203431794564521e+00 -1.257062860204314389e-04 nan 0.000000000000000000e+00 0.000000000000000000e+00
2.600000000000000000e+01 2.400000000000000000e+01 2.400000000000000000e+01 0.000000000000000000e+00 1.022204061609994996e+00 -5.149644155972055328e-05 nan 0.000000000000000000e+00 0.000000000000000000e+00
2.700000000000000000e+01 2.400000000000000000e+01 2.400000000000000000e+01 0.000000000000000000e+00 1.022203132946330806e+00 -1.850741615890001527e-04 nan 0.000000000000000000e+00 0.000000000000000000e+00
2.800000000000000000e+01 2.400000000000000000e+01 2.400000000000000000e+01 0.000000000000000000e+00 1.022202868488865546e+00 -2.815469593879242789e-04 nan 0.000000000000000000e+00 0.000000000000000000e+00
2.900000000000000000e+01 2.400000000000000000e+01 2.400000000000000000e+01 0.000000000000000000e+00 1.022203572109865233e+00 -4.407545711364946404e-05 nan 0.000000000000000000e+00 0.000000000000000000e+00
3.000000000000000000e+01 2.400000000000000000e+01 2.400000000000000000e+01 0.000000000000000000e+00 1.022203343993849156e+00 -1.182853015743603428e-04 nan 0.000000000000000000e+00 0.000000000000000000e+00
3.100000000000000000e+01 2.400000000000000000e+01 2.400000000000000000e+01 0.000000000000000000e+00 1.022203343993849156e+00 7.871434008848155527e-06 nan 0.000000000000000000e+00 0.000000000000000000e+00
3.200000000000000000e+01 2.400000000000000000e+01 2.400000000000000000e+01 0.000000000000000000e+00 1.022203150551208806e+00 -1.479692393586447133e-04 nan 0.000000000000000000e+00 0.000000000000000000e+00
3.300000000000000000e+01 2.400000000000000000e+01 2.400000000000000000e+01 0.000000000000000000e+00 1.022202939081361839e+00 -1.776531771429290432e-04 nan 0.000000000000000000e+00 0.000000000000000000e+00
3.400000000000000000e+01 2.400000000000000000e+01 2.400000000000000000e+01 0.000000000000000000e+00 1.022202017364033377e+00 -1.182853015743603428e-04 nan 0.000000000000000000e+00 0.000000000000000000e+00
3.500000000000000000e+01 2.400000000000000000e+01 2.400000000000000000e+01 0.000000000000000000e+00 1.022203537050163202e+00 -1.479692393586447133e-04 nan 0.000000000000000000e+00 0.000000000000000000e+00
3.600000000000000000e+01 2.400000000000000000e+01 2.400000000000000000e+01 0.000000000000000000e+00 1.022203414240803410e+00 -1.628112082507868783e-04 nan 0.000000000000000000e+00 0.000000000000000000e+00
3.700000000000000000e+01 2.400000000000000000e+01 2.400000000000000000e+01 0.000000000000000000e+00 1.022203203346649936e+00 -1.553902238047157958e-04 nan 0.000000000000000000e+00 0.000000000000000000e+00
3.800000000000000000e+01 2.400000000000000000e+01 2.400000000000000000e+01 0.000000000000000000e+00 1.022203624675530609e+00 -1.182853015743603428e-04 nan 0.000000000000000000e+00 0.000000000000000000e+00
3.900000000000000000e+01 2.400000000000000000e+01 2.400000000000000000e+01 0.000000000000000000e+00 1.022202709467996407e+00 -2.221790838193555921e-04 nan 0.000000000000000000e+00 0.000000000000000000e+00
4.000000000000000000e+01 2.400000000000000000e+01 2.400000000000000000e+01 0.000000000000000000e+00 1.022202744828448306e+00 -7.375939489793382098e-05 nan 0.000000000000000000e+00 0.000000000000000000e+00
4.100000000000000000e+01 2.400000000000000000e+01 2.400000000000000000e+01 0.000000000000000000e+00 1.022203132946330806e+00 -6.633841045186272497e-05 nan 0.000000000000000000e+00 0.000000000000000000e+00
4.200000000000000000e+01 2.400000000000000000e+01 2.400000000000000000e+01 0.000000000000000000e+00 1.022202532472818337e+00 -1.108643171282892604e-04 nan 0.000000000000000000e+00 0.000000000000000000e+00
4.300000000000000000e+01 2.400000000000000000e+01 2.400000000000000000e+01 0.000000000000000000e+00 1.022203852129195178e+00 -2.444420371575688395e-04 nan 0.000000000000000000e+00 0.000000000000000000e+00
4.400000000000000000e+01 2.400000000000000000e+01 2.400000000000000000e+01 0.000000000000000000e+00 1.022203449345135517e+00 -9.602234823614708191e-05 nan 0.000000000000000000e+00 0.000000000000000000e+00
4.500000000000000000e+01 2.400000000000000000e+01 2.400000000000000000e+01 0.000000000000000000e+00 1.022202868488865546e+00 -2.592840060497110044e-04 nan 0.000000000000000000e+00 0.000000000000000000e+00
4.600000000000000000e+01 2.400000000000000000e+01 2.400000000000000000e+01 0.000000000000000000e+00 1.022203431794564521e+00 -1.439151932936511049e-05 nan 0.000000000000000000e+00 0.000000000000000000e+00
4.700000000000000000e+01 2.400000000000000000e+01 2.400000000000000000e+01 0.000000000000000000e+00 1.022203379123709510e+00 -1.182853015743603428e-04 nan 0.000000000000000000e+00 0.000000000000000000e+00
4.800000000000000000e+01 2.400000000000000000e+01 2.400000000000000000e+01 0.000000000000000000e+00 1.022203273695810433e+00 -1.257062860204314389e-04 nan 0.000000000000000000e+00 0.000000000000000000e+00
4.900000000000000000e+01 2.400000000000000000e+01 2.400000000000000000e+01 0.000000000000000000e+00 1.022203220938734836e+00 -5.149644155972055328e-05 nan 0.000000000000000000e+00 0.000000000000000000e+00
5.000000000000000000e+01 2.400000000000000000e+01 2.400000000000000000e+01 0.000000000000000000e+00 1.022202621010615431e+00 -1.776531771429290432e-04 nan 0.000000000000000000e+00 0.000000000000000000e+00
5.100000000000000000e+01 2.400000000000000000e+01 2.400000000000000000e+01 0.000000000000000000e+00 1.022204166179202067e+00 -8.860136379007599945e-05 nan 0.000000000000000000e+00 0.000000000000000000e+00
5.200000000000000000e+01 2.400000000000000000e+01 2.400000000000000000e+01 0.000000000000000000e+00 1.022203220938734836e+00 -8.860136379007599945e-05 nan 0.000000000000000000e+00 0.000000000000000000e+00
5.300000000000000000e+01 2.400000000000000000e+01 2.400000000000000000e+01 0.000000000000000000e+00 1.022202408384663697e+00 -8.860136379007599945e-05 nan 0.000000000000000000e+00 0.000000000000000000e+00
5.400000000000000000e+01 2.400000000000000000e+01 2.400000000000000000e+01 0.000000000000000000e+00 1.022203466892517287e+00 -1.257062860204314389e-04 nan 0.000000000000000000e+00 0.000000000000000000e+00
5.500000000000000000e+01 2.400000000000000000e+01 2.400000000000000000e+01 0.000000000000000000e+00 1.022203009622559611e+00 -8.860136379007599945e-05 nan 0.000000000000000000e+00 0.000000000000000000e+00
5.600000000000000000e+01 2.400000000000000000e+01 2.400000000000000000e+01 0.000000000000000000e+00 1.022202903791528339e+00 -1.999161304811423177e-04 nan 0.000000000000000000e+00 0.000000000000000000e+00
5.700000000000000000e+01 2.400000000000000000e+01 2.400000000000000000e+01 0.000000000000000000e+00 1.022202532472818337e+00 -6.633841045186272497e-05 nan 0.000000000000000000e+00 0.000000000000000000e+00
5.800000000000000000e+01 2.400000000000000000e+01 2.400000000000000000e+01 0.000000000000000000e+00 1.022204079046115544e+00 -1.257062860204314389e-04 nan 0.000000000000000000e+00 0.000000000000000000e+00
5.900000000000000000e+01 2.400000000000000000e+01 2.400000000000000000e+01 0.000000000000000000e+00 1.022203747217353520e+00 -1.182853015743603428e-04 nan 0.000000000000000000e+00 0.000000000000000000e+00
6.000000000000000000e+01 2.400000000000000000e+01 2.400000000000000000e+01 0.000000000000000000e+00 1.022203607156826344e+00 -1.257062860204314389e-04 nan 0.000000000000000000e+00 0.000000000000000000e+00
6.100000000000000000e+01 2.400000000000000000e+01 2.400000000000000000e+01 0.000000000000000000e+00 1.022203694718517797e+00 -8.860136379007599945e-05 nan 0.000000000000000000e+00 0.000000000000000000e+00
6.200000000000000000e+01 2.400000000000000000e+01 2.400000000000000000e+01 0.000000000000000000e+00 1.022201928277463479e+00 -4.407545711364946404e-05 nan 0.000000000000000000e+00 0.000000000000000000e+00
6.300000000000000000e+01 2.400000000000000000e+01 2.400000000000000000e+01 0.000000000000000000e+00 1.022203466892517287e+00 -1.553902238047157958e-04 nan 0.000000000000000000e+00 0.000000000000000000e+00
6.400000000000000000e+01 2.400000000000000000e+01 2.400000000000000000e+01 0.000000000000000000e+00 1.022203343993849156e+00 -8.860136379007599945e-05 nan 0.000000000000000000e+00 0.000000000000000000e+00
6.500000000000000000e+01 2.400000000000000000e+01 2.400000000000000000e+01 0.000000000000000000e+00 1.022202461584631683e+00 -5.891742600579164251e-05 nan 0.000000000000000000e+00 0.000000000000000000e+00
6.600000000000000000e+01 2.400000000000000000e+01 2.400000000000000000e+01 0.000000000000000000e+00 1.022204704640693906e+00 -8.118037934400490344e-05 nan 0.000000000000000000e+00 0.000000000000000000e+00
6.700000000000000000e+01 2.400000000000000000e+01 2.400000000000000000e+01 0.000000000000000000e+00 1.022203431794564521e+00 -1.257062860204314389e-04 nan 0.000000000000000000e+00 0.000000000000000000e+00
6.800000000000000000e+01 2.400000000000000000e+01 2.400000000000000000e+01 0.000000000000000000e+00 1.022203115338253143e+00 -1.702321926968579607e-04 nan 0.000000000000000000e+00 0.000000000000000000e+00
6.900000000000000000e+01 2.400000000000000000e+01 2.400000000000000000e+01 0.000000000000000000e+00 1.022203974381844516e+00 -1.331272704665025213e-04 nan 0.000000000000000000e+00 0.000000000000000000e+00
0.000000000000000000e+00 2.400000000000000000e+01 2.400000000000000000e+01 0.000000000000000000e+00 1.022204061609994996e+00 -4.407545711364946404e-05 nan 0.000000000000000000e+00 0.000000000000000000e+00
1.000000000000000000e+00 2.400000000000000000e+01 2.400000000000000000e+01 0.000000000000000000e+00 1.022204929545857510e+00 -4.407545711364946404e-05 nan 0.000000000000000000e+00 0.000000000000000000e+00
2.000000000000000000e+00 2.400000000000000000e+01 2.400000000000000000e+01 0.000000000000000000e+00 1.022202372901900969e+00 -1.108643171282892604e-04 nan 0.000000000000000000e+00 0.000000000000000000e+00
3.000000000000000000e+00 2.400000000000000000e+01 2.400000000000000000e+01 0.000000000000000000e+00 1.022203624675530609e+00 -5.149644155972055328e-05 nan 0.000000000000000000e+00 0.000000000000000000e+00
4.000000000000000000e+00 2.400000000000000000e+01 2.400000000000000000e+01 0.000000000000000000e+00 1.022203308851217685e+00 -1.702321926968579607e-04 nan 0.000000000000000000e+00 0.000000000000000000e+00
5.000000000000000000e+00 2.400000000000000000e+01 2.400000000000000000e+01 0.000000000000000000e+00 1.022203852129195178e+00 -1.331272704665025213e-04 nan 0.000000000000000000e+00 0.000000000000000000e+00
6.000000000000000000e+00 2.400000000000000000e+01 2.400000000000000000e+01 0.000000000000000000e+00 1.022202390644894487e+00 -6.970534883294022097e-06 nan 0.000000000000000000e+00 0.000000000000000000e+00
7.000000000000000000e+00 2.400000000000000000e+01 2.400000000000000000e+01 0.000000000000000000e+00 1.022203361560375390e+00 -1.257062860204314389e-04 nan 0.000000000000000000e+00 0.000000000000000000e+00
8.000000000000000000e+00 2.400000000000000000e+01 2.400000000000000000e+01 0.000000000000000000e+00 1.022203220938734836e+00 -2.221790838193555921e-04 nan 0.000000000000000000e+00 0.000000000000000000e+00
9.000000000000000000e+00 2.400000000000000000e+01 2.400000000000000000e+01 0.000000000000000000e+00 1.022203466892517287e+00 -8.118037934400490344e-05 nan 0.000000000000000000e+00 0.000000000000000000e+00
